1 0.1359375 0.203125 0.04375 0.0109375
0 0.18203125 0.1796875 0.0140625 0.025
1 0.13359375 0.3515625 0.046875 0.009375
1 0.2625 0.35234375 0.0375 0.0078125
0 0.3609375 0.34921875 0.0328125 0.01015625
1 0.45859375 0.35078125 0.04453125 0.009375
1 0.540625 0.30546875 0.015625 0.0296875
0 0.5078125 0.15859375 0.02734375 0.0046875
0 0.3984375 0.14609375 0.00078125 0.0296875
1 0.07890625 0.25703125 0.01015625 0.0296875
1 0.0796875 0.29609375 0.0125 0.03515625
0 0.396875 0.20546875 0.0046875 0.02578125
0 0.39921875 0.23515625 0.003125 0.02734375
0 0.321875 0.2375 0.0078125 0.02578125
1 0.46484375 0.04375 0.05390625 0.00703125
1 0.2328125 0.0421875 0.04375 0.015625
1 0.87578125 0.55234375 0.0140625 0.02734375
1 0.459375 0.58046875 0.0515625 0.0125
1 0.3546875 0.58125 0.0484375 0.0125
1 0.2328125 0.57890625 0.03203125 0.009375
1 0.30546875 0.58125 0.02890625 0.0140625
1 0.8734375 0.6203125 0.0125 0.02109375
1 0.87265625 0.6859375 0.0078125 0.0234375
1 0.87265625 0.75625 0.0078125 0.0234375
1 0.80703125 0.8109375 0.078125 0.01015625
0 0.25234375 0.69296875 0.02890625 0.00078125
0 0.27265625 0.6015625 0.003125 0.0296875
0 0.41875 0.69296875 0.02578125 0.003125
0 0.6515625 0.59296875 0.02578125 0.00859375
0 0.71953125 0.5921875 0.034375 0.0078125
0 0.73984375 0.634375 0.0109375 0.02265625
0 0.390625 0.77578125 0.00390625 0.02890625
0 0.46015625 0.83671875 0.0046875 0.02890625
1 0.253125 0.8890625 0.04453125 0.01171875
1 0.1265625 0.88671875 0.0453125 0.0125
0 0.3125 0.778125 0.003125 0.02265625
0 0.25078125 0.63203125 0.02890625 0.00234375
0 0.5328125 0.7140625 0.0078125 0.028125
1 0.52890625 0.83125 0.0109375 0.0375
1 0.440625 0.88671875 0.02578125 0.009375
0 0.3546875 0.8921875 0.0265625 0.00546875
0 0.48671875 0.73984375 0.03359375 0.003125
1 0.375 0.88828125 0.0109375 0.0109375
1 0.325 0.88828125 0.00859375 0.0078125