0 0.05703125 0.375 0.046875 0.01171875
0 0.43203125 0.2234375 0.046875 0.01171875
0 0.85078125 0.4421875 0.046875 0.0078125
0 0.8875 0.525 0.01015625 0.05078125
0 0.64140625 0.6078125 0.05 0.0140625
0 0.58984375 0.60859375 0.04375 0.01171875
0 0.3109375 0.74375 0.053125 0.01171875
0 0.3984375 0.740625 0.06171875 0.01796875
0 0.825 0.74765625 0.00703125 0.0484375
0 0.73828125 0.80390625 0.0109375 0.06015625
1 0.13515625 0.95 0.11328125 0.01640625
1 0.5125 0.875 0.0859375 0.01796875
1 0.6671875 0.87109375 0.0734375 0.009375
1 0.77421875 0.86875 0.05 0.025
1 0.88046875 0.87421875 0.0671875 0.01640625
1 0.228125 0.30625 0.01484375 0.06015625
1 0.4875 0.2328125 0.05546875 0.01875
1 0.88046875 0.1328125 0.07578125 0.02421875
0 0.82578125 0.55234375 0.00859375 0.0921875
1 0.9765625 0.50234375 0.0109375 0.05625
1 0.1015625 0.50859375 0.04296875 0.0171875
1 0.15625 0.515625 0.03828125 0.01015625
1 0.5578125 0.1359375 0.0484375 0.01015625
1 0.60625 0.13046875 0.0296875 0.0078125
1 0.65546875 0.1296875 0.03046875 0.00703125
1 0.70078125 0.13046875 0.04140625 0.00546875
0 0.2953125 0.371875 0.0359375 0.021875
0 0.4171875 0.4453125 0.04453125 0.01796875
0 0.396875 0.6125 0.0484375 0.01484375
0 0.84765625 0.60859375 0.0484375 0.0140625