0 0.15078125 0.43984375 0.02734375 0.01640625
1 0.11015625 0.4921875 0.01484375 0.053125
1 0.146875 0.24609375 0.03203125 0.02265625
0 0.1546875 0.5078125 0.01171875 0.04296875
1 0.21328125 0.2140625 0.02109375 0.0390625
1 0.2921875 0.2203125 0.01328125 0.0390625
1 0.3484375 0.24765625 0.03671875 0.01953125
1 0.44765625 0.20703125 0.03203125 0.02734375
0 0.40390625 0.44375 0.0234375 0.0125
0 0.38203125 0.44296875 0.02421875 0.00859375
0 0.4734375 0.53359375 0.01875 0.0046875
0 0.4015625 0.5546875 0.0046875 0.04453125
0 0.32734375 0.47890625 0.00546875 0.07734375
0 0.3078125 0.3984375 0.003125 0.0265625
1 0.15625 0.70703125 0.03046875 0.01328125
1 0.2515625 0.7109375 0.03359375 0.0125
1 0.32734375 0.7671875 0.0046875 0.05859375
1 0.346875 0.82265625 0.01484375 0.00859375
1 0.384375 0.82109375 0.01171875 0.00546875
1 0.44609375 0.709375 0.034375 0.00546875
0 0.2140625 0.57421875 0.0125 0.00859375
0 0.109375 0.63984375 0.00546875 0.0453125
1 0.065625 0.6328125 0.0078125 0.0578125
1 0.0875 0.58515625 0.021875 0.015625
0 0.196875 0.63828125 0.0046875 0.06015625
0 0.41875 0.509375 0.0015625 0.03671875
0 0.36640625 0.70546875 0.02265625 0.0125
0 0.0875 0.70625 0.02265625 0.0140625
0 0.18203125 0.24765625 0.0234375 0.01328125
0 0.4046875 0.21640625 0.01875 0.03203125
0 0.4890625 0.48515625 0.00234375 0.07109375
0 0.38828125 0.5828125 0.015625 0.0109375
0 0.36640625 0.82578125 0.02109375 0.01484375
1 0.184375 0.39921875 0.009375 0.01875
1 0.43984375 0.44140625 0.021875 0.0078125
1 0.25234375 0.2046875 0.0375 0.02265625
0 0.79921875 0.43046875 0.01953125 0.00078125
1 0.7625 0.58984375 0.03515625 0.04765625
1 0.7046875 0.59375 0.03046875 0.0359375
1 0.6203125 0.59140625 0.03203125 0.0375
1 0.57109375 0.59140625 0.04140625 0.04609375
1 0.61875 0.33125 0.03125 0.0375
1 0.67734375 0.3390625 0.0390625 0.04609375
1 0.771875 0.3390625 0.1328125 0.0484375
1 0.89609375 0.328125 0.0296875 0.0265625
0 0.92578125 0.425 0.003125 0.06171875
0 0.56953125 0.33046875 0.046875 0.03671875
0 0.853125 0.4859375 0.00390625 0.0484375
1 0.64609375 0.4578125 0.0046875 0.08671875
1 0.9453125 0.34296875 0.03515625 0.0609375
1 0.94921875 0.54765625 0.03125 0.08359375