1 0.15546875 0.29296875 0.078125 0.01953125
1 0.2671875 0.29140625 0.04296875 0.02578125
1 0.16328125 0.06796875 0.17421875 0.0703125
1 0.5453125 0.19375 0.096875 0.05625
1 0.17265625 0.8734375 0.07109375 0.03203125
1 0.32265625 0.8671875 0.08125 0.03125
1 0.42890625 0.86953125 0.04296875 0.0328125
1 0.5921875 0.8671875 0.0390625 0.03515625
0 0.86328125 0.7328125 0.090625 0.02578125
0 0.18359375 0.51015625 0.02734375 0.0109375
0 0.30546875 0.41171875 0.00234375 0.04921875
0 0.653125 0.54140625 0.02890625 0.0125
0 0.72890625 0.58125 0.00390625 0.0578125
1 0.93203125 0.4015625 0.02421875 0.04375
0 0.3203125 0.31640625 0.03359375 0.00390625
0 0.3 0.25625 0.00390625 0.0671875
0 0.13671875 0.6453125 0.02734375 0.0109375
0 0.63125 0.7796875 0.00703125 0.078125
0 0.55625 0.67734375 0.025 0.0078125
0 0.5765625 0.71328125 0.00859375 0.06796875