0 0.22734375 0.2515625 0.0125 0.05546875
0 0.225 0.3890625 0.0015625 0.0546875
0 0.30234375 0.4359375 0.0625 0.00859375
0 0.228125 0.61015625 0.0046875 0.08671875
0 0.19375 0.66875 0.05546875 0.00625
0 0.49140625 0.16953125 0.08671875 0.0046875
0 0.640625 0.1078125 0.0046875 0.09609375
0 0.68125 0.05078125 0.05234375 0.009375
0 0.7890625 0.4203125 0.05546875 0.00859375
0 0.86328125 0.7828125 0.0015625 0.084375
0 0.94921875 0.05546875 0.01171875 0.078125
0 0.83359375 0.8140625 0.05546875 0.00234375
0 0.828125 0.90625 0.06640625 0.00078125
1 0.93046875 0.9015625 0.01640625 0.00703125
1 0.0703125 0.52109375 0.01875 0.13046875
1 0.21953125 0.74921875 0.009375 0.1078125
1 0.9296875 0.64375 0.034375 0.0875
1 0.55625 0.3125 0.01328125 0.06328125
1 0.55625 0.88671875 0.0171875 0.06328125
1 0.35 0.053125 0.08984375 0.03828125
1 0.5953125 0.20859375 0.021875 0.07265625
1 0.59453125 0.39921875 0.0171875 0.07578125
1 0.59140625 0.609375 0.01640625 0.10078125
1 0.59140625 0.85625 0.01640625 0.08203125