0 0.30078125 0.30625 0.04296875 0.0140625
0 0.15859375 0.421875 0.0046875 0.040625
0 0.246875 0.53515625 0.00625 0.04921875
0 0.11953125 0.16328125 0.0078125 0.053125
0 0.4921875 0.3984375 0.04296875 0.01796875
0 0.7890625 0.39140625 0.0328125 0.0109375
0 0.7921875 0.540625 0.04140625 0.01640625
0 0.6265625 0.684375 0.03203125 0.0125
0 0.45390625 0.690625 0.03671875 0.00859375
0 0.3625 0.74296875 0.03671875 0.01484375
0 0.3046875 0.746875 0.03984375 0.01015625
0 0.0578125 0.5375 0.0109375 0.05390625
1 0.92578125 0.63515625 0.01328125 0.06015625
1 0.490625 0.9 0.08203125 0.02421875
1 0.66171875 0.89921875 0.09453125 0.02265625
1 0.3671875 0.9015625 0.01484375 0.01484375
0 0.28515625 0.8625 0.0375 0.04765625
1 0.1453125 0.82265625 0.090625 0.0390625
1 0.05546875 0.67890625 0.01875 0.05234375
1 0.30625 0.08359375 0.028125 0.01953125
1 0.840625 0.39296875 0.05390625 0.01015625
1 0.828125 0.8953125 0.1203125 0.00703125
0 0.1015625 0.31171875 0.0359375 0.009375
0 0.14609375 0.31328125 0.025 0.0125
1 0.05 0.15546875 0.01015625 0.0296875
1 0.0515625 0.23046875 0.00703125 0.0375
1 0.05078125 0.36875 0.01484375 0.071875
1 0.6171875 0.3921875 0.06171875 0.0125
1 0.5421875 0.4015625 0.046875 0.015625
0 0.4578125 0.45078125 0.0046875 0.090625
0 0.3046875 0.603125 0.05390625 0.0078125
0 0.45546875 0.6375 0.00859375 0.084375