1 0.15625 0.1078125 0.0546875 0.01015625
0 0.21875 0.16640625 0.00859375 0.04140625
0 0.2734375 0.165625 0.00390625 0.04296875
0 0.3359375 0.27421875 0.04296875 0.00546875
0 0.159375 0.27421875 0.03671875 0.00546875
1 0.3421875 0.46953125 0.1390625 0.02578125
1 0.684375 0.478125 0.0765625 0.0078125
1 0.55546875 0.29375 0.015625 0.07265625
0 0.5578125 0.4140625 0.00546875 0.05
0 0.8359375 0.36875 0.075 0.009375
1 0.45390625 0.19296875 0.02265625 0.10078125
0 0.075 0.37578125 0.0078125 0.09765625
1 0.134375 0.49609375 0.01328125 0.04375
0 0.215625 0.3640625 0.05703125 0.01171875
0 0.60234375 0.3734375 0.0234375 0.0078125
1 0.93984375 0.296875 0.0109375 0.09453125
0 0.746875 0.3703125 0.04375 0.0046875
0 0.71640625 0.31953125 0.02890625 0.00546875
0 0.090625 0.2734375 0.03359375 0.00546875
1 0.1234375 0.27734375 0.02734375 0.00859375
0 0.43515625 0.7578125 0.01015625 0.03203125
1 0.3703125 0.66953125 0.01953125 0.03671875
0 0.4609375 0.73671875 0.0421875 0.01015625